2021/12/17-18:27:27.647404 20744ee00 RocksDB version: 6.12.7
2021/12/17-18:27:27.647953 20744ee00 Git sha rocksdb_build_git_sha:@0@
2021/12/17-18:27:27.647956 20744ee00 Compile date Feb 16 2021
2021/12/17-18:27:27.647975 20744ee00 DB SUMMARY
2021/12/17-18:27:27.647977 20744ee00 DB Session ID:  A7RBI1ETAXU5B89GD0OO
2021/12/17-18:27:27.648005 20744ee00 SST files in /Users/quanrong/rust-workplace/cycle_mail/.dfx/state/replicated_state/node-100/ic_consensus_pool/consensus dir, Total Num: 0, files: 
2021/12/17-18:27:27.648007 20744ee00 Write Ahead Log file in /Users/quanrong/rust-workplace/cycle_mail/.dfx/state/replicated_state/node-100/ic_consensus_pool/consensus: 
2021/12/17-18:27:27.648008 20744ee00                         Options.error_if_exists: 0
2021/12/17-18:27:27.648009 20744ee00                       Options.create_if_missing: 1
2021/12/17-18:27:27.648010 20744ee00                         Options.paranoid_checks: 1
2021/12/17-18:27:27.648011 20744ee00                                     Options.env: 0x10661ed88
2021/12/17-18:27:27.648012 20744ee00                                      Options.fs: Posix File System
2021/12/17-18:27:27.648012 20744ee00                                Options.info_log: 0x7feab7c53fe0
2021/12/17-18:27:27.648013 20744ee00                Options.max_file_opening_threads: 16
2021/12/17-18:27:27.648014 20744ee00                              Options.statistics: 0x0
2021/12/17-18:27:27.648015 20744ee00                               Options.use_fsync: 1
2021/12/17-18:27:27.648015 20744ee00                       Options.max_log_file_size: 0
2021/12/17-18:27:27.648016 20744ee00                  Options.max_manifest_file_size: 1073741824
2021/12/17-18:27:27.648017 20744ee00                   Options.log_file_time_to_roll: 0
2021/12/17-18:27:27.648018 20744ee00                       Options.keep_log_file_num: 1000
2021/12/17-18:27:27.648018 20744ee00                    Options.recycle_log_file_num: 0
2021/12/17-18:27:27.648020 20744ee00                         Options.allow_fallocate: 1
2021/12/17-18:27:27.648021 20744ee00                        Options.allow_mmap_reads: 0
2021/12/17-18:27:27.648021 20744ee00                       Options.allow_mmap_writes: 0
2021/12/17-18:27:27.648022 20744ee00                        Options.use_direct_reads: 0
2021/12/17-18:27:27.648023 20744ee00                        Options.use_direct_io_for_flush_and_compaction: 0
2021/12/17-18:27:27.648023 20744ee00          Options.create_missing_column_families: 1
2021/12/17-18:27:27.648024 20744ee00                              Options.db_log_dir: 
2021/12/17-18:27:27.648025 20744ee00                                 Options.wal_dir: /Users/quanrong/rust-workplace/cycle_mail/.dfx/state/replicated_state/node-100/ic_consensus_pool/consensus
2021/12/17-18:27:27.648026 20744ee00                Options.table_cache_numshardbits: 6
2021/12/17-18:27:27.648026 20744ee00                         Options.WAL_ttl_seconds: 0
2021/12/17-18:27:27.648027 20744ee00                       Options.WAL_size_limit_MB: 0
2021/12/17-18:27:27.648028 20744ee00                        Options.max_write_batch_group_size_bytes: 1048576
2021/12/17-18:27:27.648029 20744ee00             Options.manifest_preallocation_size: 4194304
2021/12/17-18:27:27.648029 20744ee00                     Options.is_fd_close_on_exec: 1
2021/12/17-18:27:27.648030 20744ee00                   Options.advise_random_on_open: 1
2021/12/17-18:27:27.648031 20744ee00                    Options.db_write_buffer_size: 0
2021/12/17-18:27:27.648031 20744ee00                    Options.write_buffer_manager: 0x7feab7c53ea0
2021/12/17-18:27:27.648032 20744ee00         Options.access_hint_on_compaction_start: 1
2021/12/17-18:27:27.648033 20744ee00  Options.new_table_reader_for_compaction_inputs: 0
2021/12/17-18:27:27.648033 20744ee00           Options.random_access_max_buffer_size: 1048576
2021/12/17-18:27:27.648034 20744ee00                      Options.use_adaptive_mutex: 0
2021/12/17-18:27:27.648035 20744ee00                            Options.rate_limiter: 0x0
2021/12/17-18:27:27.648037 20744ee00     Options.sst_file_manager.rate_bytes_per_sec: 0
2021/12/17-18:27:27.648037 20744ee00                       Options.wal_recovery_mode: 2
2021/12/17-18:27:27.648051 20744ee00                  Options.enable_thread_tracking: 0
2021/12/17-18:27:27.648052 20744ee00                  Options.enable_pipelined_write: 0
2021/12/17-18:27:27.648052 20744ee00                  Options.unordered_write: 0
2021/12/17-18:27:27.648053 20744ee00         Options.allow_concurrent_memtable_write: 1
2021/12/17-18:27:27.648054 20744ee00      Options.enable_write_thread_adaptive_yield: 1
2021/12/17-18:27:27.648054 20744ee00             Options.write_thread_max_yield_usec: 100
2021/12/17-18:27:27.648055 20744ee00            Options.write_thread_slow_yield_usec: 3
2021/12/17-18:27:27.648056 20744ee00                               Options.row_cache: None
2021/12/17-18:27:27.648057 20744ee00                              Options.wal_filter: None
2021/12/17-18:27:27.648058 20744ee00             Options.avoid_flush_during_recovery: 0
2021/12/17-18:27:27.648059 20744ee00             Options.allow_ingest_behind: 0
2021/12/17-18:27:27.648060 20744ee00             Options.preserve_deletes: 0
2021/12/17-18:27:27.648060 20744ee00             Options.two_write_queues: 0
2021/12/17-18:27:27.648061 20744ee00             Options.manual_wal_flush: 0
2021/12/17-18:27:27.648062 20744ee00             Options.atomic_flush: 0
2021/12/17-18:27:27.648062 20744ee00             Options.avoid_unnecessary_blocking_io: 0
2021/12/17-18:27:27.648063 20744ee00                 Options.persist_stats_to_disk: 0
2021/12/17-18:27:27.648064 20744ee00                 Options.write_dbid_to_manifest: 0
2021/12/17-18:27:27.648065 20744ee00                 Options.log_readahead_size: 0
2021/12/17-18:27:27.648065 20744ee00                 Options.file_checksum_gen_factory: Unknown
2021/12/17-18:27:27.648067 20744ee00                 Options.best_efforts_recovery: 0
2021/12/17-18:27:27.648068 20744ee00                Options.max_bgerror_resume_count: 2147483647
2021/12/17-18:27:27.648068 20744ee00            Options.bgerror_resume_retry_interval: 1000000
2021/12/17-18:27:27.648069 20744ee00             Options.max_background_jobs: 2
2021/12/17-18:27:27.648070 20744ee00             Options.max_background_compactions: -1
2021/12/17-18:27:27.648070 20744ee00             Options.max_subcompactions: 1
2021/12/17-18:27:27.648071 20744ee00             Options.avoid_flush_during_shutdown: 0
2021/12/17-18:27:27.648072 20744ee00           Options.writable_file_max_buffer_size: 1048576
2021/12/17-18:27:27.648073 20744ee00             Options.delayed_write_rate : 16777216
2021/12/17-18:27:27.648073 20744ee00             Options.max_total_wal_size: 0
2021/12/17-18:27:27.648074 20744ee00             Options.delete_obsolete_files_period_micros: 21600000000
2021/12/17-18:27:27.648075 20744ee00                   Options.stats_dump_period_sec: 600
2021/12/17-18:27:27.648076 20744ee00                 Options.stats_persist_period_sec: 600
2021/12/17-18:27:27.648076 20744ee00                 Options.stats_history_buffer_size: 1048576
2021/12/17-18:27:27.648077 20744ee00                          Options.max_open_files: -1
2021/12/17-18:27:27.648078 20744ee00                          Options.bytes_per_sync: 0
2021/12/17-18:27:27.648078 20744ee00                      Options.wal_bytes_per_sync: 0
2021/12/17-18:27:27.648079 20744ee00                   Options.strict_bytes_per_sync: 0
2021/12/17-18:27:27.648080 20744ee00       Options.compaction_readahead_size: 0
2021/12/17-18:27:27.648081 20744ee00                  Options.max_background_flushes: -1
2021/12/17-18:27:27.648081 20744ee00 Compression algorithms supported:
2021/12/17-18:27:27.648083 20744ee00 	kZSTD supported: 1
2021/12/17-18:27:27.648084 20744ee00 	kZlibCompression supported: 1
2021/12/17-18:27:27.648095 20744ee00 	kXpressCompression supported: 0
2021/12/17-18:27:27.648096 20744ee00 	kSnappyCompression supported: 1
2021/12/17-18:27:27.648097 20744ee00 	kZSTDNotFinalCompression supported: 1
2021/12/17-18:27:27.648098 20744ee00 	kLZ4HCCompression supported: 1
2021/12/17-18:27:27.648099 20744ee00 	kLZ4Compression supported: 1
2021/12/17-18:27:27.648107 20744ee00 	kBZip2Compression supported: 1
2021/12/17-18:27:27.648110 20744ee00 Fast CRC32 supported: Supported on x86
2021/12/17-18:27:27.648471 20744ee00 [db/db_impl/db_impl_open.cc:271] Creating manifest 1 
2021/12/17-18:27:27.648855 20744ee00 [db/version_set.cc:4560] Recovering from manifest file: /Users/quanrong/rust-workplace/cycle_mail/.dfx/state/replicated_state/node-100/ic_consensus_pool/consensus/MANIFEST-000001
2021/12/17-18:27:27.648894 20744ee00 [db/column_family.cc:580] --------------- Options for column family [default]:
2021/12/17-18:27:27.648897 20744ee00               Options.comparator: leveldb.BytewiseComparator
2021/12/17-18:27:27.648898 20744ee00           Options.merge_operator: None
2021/12/17-18:27:27.648898 20744ee00        Options.compaction_filter: None
2021/12/17-18:27:27.648899 20744ee00        Options.compaction_filter_factory: None
2021/12/17-18:27:27.648900 20744ee00  Options.sst_partitioner_factory: None
2021/12/17-18:27:27.648901 20744ee00         Options.memtable_factory: SkipListFactory
2021/12/17-18:27:27.648901 20744ee00            Options.table_factory: BlockBasedTable
2021/12/17-18:27:27.648922 20744ee00            table_factory options:   flush_block_policy_factory: FlushBlockBySizePolicyFactory (0x7feab7c52f30)
  cache_index_and_filter_blocks: 0
  cache_index_and_filter_blocks_with_high_priority: 1
  pin_l0_filter_and_index_blocks_in_cache: 0
  pin_top_level_index_and_filter: 1
  index_type: 0
  data_block_index_type: 0
  index_shortening: 1
  data_block_hash_table_util_ratio: 0.750000
  hash_index_allow_collision: 1
  checksum: 1
  no_block_cache: 0
  block_cache: 0x7feab7c52f78
  block_cache_name: LRUCache
  block_cache_options:
    capacity : 8388608
    num_shard_bits : 4
    strict_capacity_limit : 0
    memory_allocator : None
    high_pri_pool_ratio: 0.000
  block_cache_compressed: 0x0
  persistent_cache: 0x0
  block_size: 4096
  block_size_deviation: 10
  block_restart_interval: 16
  index_block_restart_interval: 1
  metadata_block_size: 4096
  partition_filters: 0
  use_delta_encoding: 1
  filter_policy: nullptr
  whole_key_filtering: 1
  verify_compression: 0
  read_amp_bytes_per_bit: 0
  format_version: 4
  enable_index_compression: 1
  block_align: 0
2021/12/17-18:27:27.648925 20744ee00        Options.write_buffer_size: 67108864
2021/12/17-18:27:27.648925 20744ee00  Options.max_write_buffer_number: 2
2021/12/17-18:27:27.648935 20744ee00          Options.compression: Snappy
2021/12/17-18:27:27.648935 20744ee00                  Options.bottommost_compression: Disabled
2021/12/17-18:27:27.648936 20744ee00       Options.prefix_extractor: nullptr
2021/12/17-18:27:27.648937 20744ee00   Options.memtable_insert_with_hint_prefix_extractor: nullptr
2021/12/17-18:27:27.648938 20744ee00             Options.num_levels: 7
2021/12/17-18:27:27.648938 20744ee00        Options.min_write_buffer_number_to_merge: 1
2021/12/17-18:27:27.648939 20744ee00     Options.max_write_buffer_number_to_maintain: 0
2021/12/17-18:27:27.648940 20744ee00     Options.max_write_buffer_size_to_maintain: 0
2021/12/17-18:27:27.648940 20744ee00            Options.bottommost_compression_opts.window_bits: -14
2021/12/17-18:27:27.648941 20744ee00                  Options.bottommost_compression_opts.level: 32767
2021/12/17-18:27:27.648942 20744ee00               Options.bottommost_compression_opts.strategy: 0
2021/12/17-18:27:27.648943 20744ee00         Options.bottommost_compression_opts.max_dict_bytes: 0
2021/12/17-18:27:27.648943 20744ee00         Options.bottommost_compression_opts.zstd_max_train_bytes: 0
2021/12/17-18:27:27.648944 20744ee00         Options.bottommost_compression_opts.parallel_threads: 1
2021/12/17-18:27:27.648945 20744ee00                  Options.bottommost_compression_opts.enabled: false
2021/12/17-18:27:27.648946 20744ee00            Options.compression_opts.window_bits: -14
2021/12/17-18:27:27.648947 20744ee00                  Options.compression_opts.level: 32767
2021/12/17-18:27:27.648948 20744ee00               Options.compression_opts.strategy: 0
2021/12/17-18:27:27.648960 20744ee00         Options.compression_opts.max_dict_bytes: 0
2021/12/17-18:27:27.648961 20744ee00         Options.compression_opts.zstd_max_train_bytes: 0
2021/12/17-18:27:27.648961 20744ee00         Options.compression_opts.parallel_threads: 1
2021/12/17-18:27:27.648962 20744ee00                  Options.compression_opts.enabled: false
2021/12/17-18:27:27.648963 20744ee00      Options.level0_file_num_compaction_trigger: 4
2021/12/17-18:27:27.648963 20744ee00          Options.level0_slowdown_writes_trigger: 20
2021/12/17-18:27:27.648964 20744ee00              Options.level0_stop_writes_trigger: 36
2021/12/17-18:27:27.648965 20744ee00                   Options.target_file_size_base: 67108864
2021/12/17-18:27:27.648966 20744ee00             Options.target_file_size_multiplier: 1
2021/12/17-18:27:27.648966 20744ee00                Options.max_bytes_for_level_base: 268435456
2021/12/17-18:27:27.648967 20744ee00 Options.level_compaction_dynamic_level_bytes: 0
2021/12/17-18:27:27.648968 20744ee00          Options.max_bytes_for_level_multiplier: 10.000000
2021/12/17-18:27:27.648969 20744ee00 Options.max_bytes_for_level_multiplier_addtl[0]: 1
2021/12/17-18:27:27.648969 20744ee00 Options.max_bytes_for_level_multiplier_addtl[1]: 1
2021/12/17-18:27:27.648970 20744ee00 Options.max_bytes_for_level_multiplier_addtl[2]: 1
2021/12/17-18:27:27.648971 20744ee00 Options.max_bytes_for_level_multiplier_addtl[3]: 1
2021/12/17-18:27:27.648972 20744ee00 Options.max_bytes_for_level_multiplier_addtl[4]: 1
2021/12/17-18:27:27.648972 20744ee00 Options.max_bytes_for_level_multiplier_addtl[5]: 1
2021/12/17-18:27:27.648973 20744ee00 Options.max_bytes_for_level_multiplier_addtl[6]: 1
2021/12/17-18:27:27.648974 20744ee00       Options.max_sequential_skip_in_iterations: 8
2021/12/17-18:27:27.648974 20744ee00                    Options.max_compaction_bytes: 1677721600
2021/12/17-18:27:27.648975 20744ee00                        Options.arena_block_size: 8388608
2021/12/17-18:27:27.648976 20744ee00   Options.soft_pending_compaction_bytes_limit: 68719476736
2021/12/17-18:27:27.648977 20744ee00   Options.hard_pending_compaction_bytes_limit: 274877906944
2021/12/17-18:27:27.648977 20744ee00       Options.rate_limit_delay_max_milliseconds: 100
2021/12/17-18:27:27.648978 20744ee00                Options.disable_auto_compactions: 0
2021/12/17-18:27:27.648979 20744ee00                        Options.compaction_style: kCompactionStyleLevel
2021/12/17-18:27:27.648981 20744ee00                          Options.compaction_pri: kMinOverlappingRatio
2021/12/17-18:27:27.648981 20744ee00 Options.compaction_options_universal.size_ratio: 1
2021/12/17-18:27:27.648982 20744ee00 Options.compaction_options_universal.min_merge_width: 2
2021/12/17-18:27:27.648983 20744ee00 Options.compaction_options_universal.max_merge_width: 4294967295
2021/12/17-18:27:27.648983 20744ee00 Options.compaction_options_universal.max_size_amplification_percent: 200
2021/12/17-18:27:27.648984 20744ee00 Options.compaction_options_universal.compression_size_percent: -1
2021/12/17-18:27:27.648985 20744ee00 Options.compaction_options_universal.stop_style: kCompactionStopStyleTotalSize
2021/12/17-18:27:27.648986 20744ee00 Options.compaction_options_fifo.max_table_files_size: 1073741824
2021/12/17-18:27:27.648987 20744ee00 Options.compaction_options_fifo.allow_compaction: 0
2021/12/17-18:27:27.648991 20744ee00                   Options.table_properties_collectors: 
2021/12/17-18:27:27.648992 20744ee00                   Options.inplace_update_support: 0
2021/12/17-18:27:27.648993 20744ee00                 Options.inplace_update_num_locks: 10000
2021/12/17-18:27:27.648993 20744ee00               Options.memtable_prefix_bloom_size_ratio: 0.000000
2021/12/17-18:27:27.648994 20744ee00               Options.memtable_whole_key_filtering: 0
2021/12/17-18:27:27.648995 20744ee00   Options.memtable_huge_page_size: 0
2021/12/17-18:27:27.648995 20744ee00                           Options.bloom_locality: 0
2021/12/17-18:27:27.648996 20744ee00                    Options.max_successive_merges: 0
2021/12/17-18:27:27.649006 20744ee00                Options.optimize_filters_for_hits: 0
2021/12/17-18:27:27.649007 20744ee00                Options.paranoid_file_checks: 0
2021/12/17-18:27:27.649008 20744ee00                Options.force_consistency_checks: 0
2021/12/17-18:27:27.649008 20744ee00                Options.report_bg_io_stats: 0
2021/12/17-18:27:27.649009 20744ee00                               Options.ttl: 2592000
2021/12/17-18:27:27.649010 20744ee00          Options.periodic_compaction_seconds: 0
2021/12/17-18:27:27.650029 20744ee00 [db/version_set.cc:4718] Recovered from manifest file:/Users/quanrong/rust-workplace/cycle_mail/.dfx/state/replicated_state/node-100/ic_consensus_pool/consensus/MANIFEST-000001 succeeded,manifest_file_number is 1, next_file_number is 3, last_sequence is 0, log_number is 0,prev_log_number is 0,max_column_family is 0,min_log_number_to_keep is 0
2021/12/17-18:27:27.650031 20744ee00 [db/version_set.cc:4727] Column family [default] (ID 0), log number is 0
2021/12/17-18:27:27.650142 20744ee00 [db/version_set.cc:3950] Creating manifest 4
2021/12/17-18:27:27.650434 20744ee00 [db/column_family.cc:580] --------------- Options for column family [RB]:
2021/12/17-18:27:27.650437 20744ee00               Options.comparator: leveldb.BytewiseComparator
2021/12/17-18:27:27.650438 20744ee00           Options.merge_operator: None
2021/12/17-18:27:27.650440 20744ee00        Options.compaction_filter: filter_outdated
2021/12/17-18:27:27.650441 20744ee00        Options.compaction_filter_factory: None
2021/12/17-18:27:27.650441 20744ee00  Options.sst_partitioner_factory: None
2021/12/17-18:27:27.650442 20744ee00         Options.memtable_factory: SkipListFactory
2021/12/17-18:27:27.650443 20744ee00            Options.table_factory: BlockBasedTable
2021/12/17-18:27:27.650455 20744ee00            table_factory options:   flush_block_policy_factory: FlushBlockBySizePolicyFactory (0x7feab7c4a1a0)
  cache_index_and_filter_blocks: 0
  cache_index_and_filter_blocks_with_high_priority: 1
  pin_l0_filter_and_index_blocks_in_cache: 0
  pin_top_level_index_and_filter: 1
  index_type: 0
  data_block_index_type: 0
  index_shortening: 1
  data_block_hash_table_util_ratio: 0.750000
  hash_index_allow_collision: 1
  checksum: 1
  no_block_cache: 0
  block_cache: 0x7feab7c4a1e8
  block_cache_name: LRUCache
  block_cache_options:
    capacity : 8388608
    num_shard_bits : 4
    strict_capacity_limit : 0
    memory_allocator : None
    high_pri_pool_ratio: 0.000
  block_cache_compressed: 0x0
  persistent_cache: 0x0
  block_size: 4096
  block_size_deviation: 10
  block_restart_interval: 16
  index_block_restart_interval: 1
  metadata_block_size: 4096
  partition_filters: 0
  use_delta_encoding: 1
  filter_policy: nullptr
  whole_key_filtering: 1
  verify_compression: 0
  read_amp_bytes_per_bit: 0
  format_version: 4
  enable_index_compression: 1
  block_align: 0
2021/12/17-18:27:27.650458 20744ee00        Options.write_buffer_size: 67108864
2021/12/17-18:27:27.650459 20744ee00  Options.max_write_buffer_number: 2
2021/12/17-18:27:27.650460 20744ee00          Options.compression: NoCompression
2021/12/17-18:27:27.650460 20744ee00                  Options.bottommost_compression: Disabled
2021/12/17-18:27:27.650461 20744ee00       Options.prefix_extractor: nullptr
2021/12/17-18:27:27.650462 20744ee00   Options.memtable_insert_with_hint_prefix_extractor: nullptr
2021/12/17-18:27:27.650463 20744ee00             Options.num_levels: 7
2021/12/17-18:27:27.650463 20744ee00        Options.min_write_buffer_number_to_merge: 1
2021/12/17-18:27:27.650464 20744ee00     Options.max_write_buffer_number_to_maintain: 0
2021/12/17-18:27:27.650465 20744ee00     Options.max_write_buffer_size_to_maintain: 0
2021/12/17-18:27:27.650466 20744ee00            Options.bottommost_compression_opts.window_bits: -14
2021/12/17-18:27:27.650466 20744ee00                  Options.bottommost_compression_opts.level: 32767
2021/12/17-18:27:27.650467 20744ee00               Options.bottommost_compression_opts.strategy: 0
2021/12/17-18:27:27.650468 20744ee00         Options.bottommost_compression_opts.max_dict_bytes: 0
2021/12/17-18:27:27.650469 20744ee00         Options.bottommost_compression_opts.zstd_max_train_bytes: 0
2021/12/17-18:27:27.650469 20744ee00         Options.bottommost_compression_opts.parallel_threads: 1
2021/12/17-18:27:27.650470 20744ee00                  Options.bottommost_compression_opts.enabled: false
2021/12/17-18:27:27.650471 20744ee00            Options.compression_opts.window_bits: -14
2021/12/17-18:27:27.650472 20744ee00                  Options.compression_opts.level: 32767
2021/12/17-18:27:27.650472 20744ee00               Options.compression_opts.strategy: 0
2021/12/17-18:27:27.650473 20744ee00         Options.compression_opts.max_dict_bytes: 0
2021/12/17-18:27:27.650474 20744ee00         Options.compression_opts.zstd_max_train_bytes: 0
2021/12/17-18:27:27.650474 20744ee00         Options.compression_opts.parallel_threads: 1
2021/12/17-18:27:27.650475 20744ee00                  Options.compression_opts.enabled: false
2021/12/17-18:27:27.650476 20744ee00      Options.level0_file_num_compaction_trigger: 4
2021/12/17-18:27:27.650485 20744ee00          Options.level0_slowdown_writes_trigger: 20
2021/12/17-18:27:27.650486 20744ee00              Options.level0_stop_writes_trigger: 36
2021/12/17-18:27:27.650486 20744ee00                   Options.target_file_size_base: 67108864
2021/12/17-18:27:27.650487 20744ee00             Options.target_file_size_multiplier: 1
2021/12/17-18:27:27.650488 20744ee00                Options.max_bytes_for_level_base: 268435456
2021/12/17-18:27:27.650488 20744ee00 Options.level_compaction_dynamic_level_bytes: 0
2021/12/17-18:27:27.650489 20744ee00          Options.max_bytes_for_level_multiplier: 10.000000
2021/12/17-18:27:27.650490 20744ee00 Options.max_bytes_for_level_multiplier_addtl[0]: 1
2021/12/17-18:27:27.650491 20744ee00 Options.max_bytes_for_level_multiplier_addtl[1]: 1
2021/12/17-18:27:27.650492 20744ee00 Options.max_bytes_for_level_multiplier_addtl[2]: 1
2021/12/17-18:27:27.650492 20744ee00 Options.max_bytes_for_level_multiplier_addtl[3]: 1
2021/12/17-18:27:27.650493 20744ee00 Options.max_bytes_for_level_multiplier_addtl[4]: 1
2021/12/17-18:27:27.650494 20744ee00 Options.max_bytes_for_level_multiplier_addtl[5]: 1
2021/12/17-18:27:27.650495 20744ee00 Options.max_bytes_for_level_multiplier_addtl[6]: 1
2021/12/17-18:27:27.650495 20744ee00       Options.max_sequential_skip_in_iterations: 8
2021/12/17-18:27:27.650496 20744ee00                    Options.max_compaction_bytes: 1677721600
2021/12/17-18:27:27.650497 20744ee00                        Options.arena_block_size: 8388608
2021/12/17-18:27:27.650497 20744ee00   Options.soft_pending_compaction_bytes_limit: 68719476736
2021/12/17-18:27:27.650498 20744ee00   Options.hard_pending_compaction_bytes_limit: 274877906944
2021/12/17-18:27:27.650499 20744ee00       Options.rate_limit_delay_max_milliseconds: 100
2021/12/17-18:27:27.650500 20744ee00                Options.disable_auto_compactions: 1
2021/12/17-18:27:27.650500 20744ee00                        Options.compaction_style: kCompactionStyleLevel
2021/12/17-18:27:27.650501 20744ee00                          Options.compaction_pri: kMinOverlappingRatio
2021/12/17-18:27:27.650502 20744ee00 Options.compaction_options_universal.size_ratio: 1
2021/12/17-18:27:27.650503 20744ee00 Options.compaction_options_universal.min_merge_width: 2
2021/12/17-18:27:27.650503 20744ee00 Options.compaction_options_universal.max_merge_width: 4294967295
2021/12/17-18:27:27.650504 20744ee00 Options.compaction_options_universal.max_size_amplification_percent: 200
2021/12/17-18:27:27.650505 20744ee00 Options.compaction_options_universal.compression_size_percent: -1
2021/12/17-18:27:27.650506 20744ee00 Options.compaction_options_universal.stop_style: kCompactionStopStyleTotalSize
2021/12/17-18:27:27.650507 20744ee00 Options.compaction_options_fifo.max_table_files_size: 1073741824
2021/12/17-18:27:27.650508 20744ee00 Options.compaction_options_fifo.allow_compaction: 0
2021/12/17-18:27:27.650509 20744ee00                   Options.table_properties_collectors: 
2021/12/17-18:27:27.650510 20744ee00                   Options.inplace_update_support: 0
2021/12/17-18:27:27.650510 20744ee00                 Options.inplace_update_num_locks: 10000
2021/12/17-18:27:27.650511 20744ee00               Options.memtable_prefix_bloom_size_ratio: 0.000000
2021/12/17-18:27:27.650512 20744ee00               Options.memtable_whole_key_filtering: 0
2021/12/17-18:27:27.650513 20744ee00   Options.memtable_huge_page_size: 0
2021/12/17-18:27:27.650513 20744ee00                           Options.bloom_locality: 0
2021/12/17-18:27:27.650514 20744ee00                    Options.max_successive_merges: 0
2021/12/17-18:27:27.650515 20744ee00                Options.optimize_filters_for_hits: 0
2021/12/17-18:27:27.650515 20744ee00                Options.paranoid_file_checks: 0
2021/12/17-18:27:27.650516 20744ee00                Options.force_consistency_checks: 0
2021/12/17-18:27:27.650517 20744ee00                Options.report_bg_io_stats: 0
2021/12/17-18:27:27.650518 20744ee00                               Options.ttl: 2592000
2021/12/17-18:27:27.650518 20744ee00          Options.periodic_compaction_seconds: 2592000
2021/12/17-18:27:27.650561 20744ee00 [db/db_impl/db_impl.cc:2563] Created column family [RB] (ID 1)
2021/12/17-18:27:27.651572 20744ee00 [db/column_family.cc:580] --------------- Options for column family [FZ]:
2021/12/17-18:27:27.651574 20744ee00               Options.comparator: leveldb.BytewiseComparator
2021/12/17-18:27:27.651575 20744ee00           Options.merge_operator: None
2021/12/17-18:27:27.651576 20744ee00        Options.compaction_filter: filter_outdated
2021/12/17-18:27:27.651576 20744ee00        Options.compaction_filter_factory: None
2021/12/17-18:27:27.651577 20744ee00  Options.sst_partitioner_factory: None
2021/12/17-18:27:27.651578 20744ee00         Options.memtable_factory: SkipListFactory
2021/12/17-18:27:27.651579 20744ee00            Options.table_factory: BlockBasedTable
2021/12/17-18:27:27.651590 20744ee00            table_factory options:   flush_block_policy_factory: FlushBlockBySizePolicyFactory (0x7feab7c4ad60)
  cache_index_and_filter_blocks: 0
  cache_index_and_filter_blocks_with_high_priority: 1
  pin_l0_filter_and_index_blocks_in_cache: 0
  pin_top_level_index_and_filter: 1
  index_type: 0
  data_block_index_type: 0
  index_shortening: 1
  data_block_hash_table_util_ratio: 0.750000
  hash_index_allow_collision: 1
  checksum: 1
  no_block_cache: 0
  block_cache: 0x7feab7c4ada8
  block_cache_name: LRUCache
  block_cache_options:
    capacity : 8388608
    num_shard_bits : 4
    strict_capacity_limit : 0
    memory_allocator : None
    high_pri_pool_ratio: 0.000
  block_cache_compressed: 0x0
  persistent_cache: 0x0
  block_size: 4096
  block_size_deviation: 10
  block_restart_interval: 16
  index_block_restart_interval: 1
  metadata_block_size: 4096
  partition_filters: 0
  use_delta_encoding: 1
  filter_policy: nullptr
  whole_key_filtering: 1
  verify_compression: 0
  read_amp_bytes_per_bit: 0
  format_version: 4
  enable_index_compression: 1
  block_align: 0
2021/12/17-18:27:27.651592 20744ee00        Options.write_buffer_size: 67108864
2021/12/17-18:27:27.651592 20744ee00  Options.max_write_buffer_number: 2
2021/12/17-18:27:27.651593 20744ee00          Options.compression: NoCompression
2021/12/17-18:27:27.651594 20744ee00                  Options.bottommost_compression: Disabled
2021/12/17-18:27:27.651595 20744ee00       Options.prefix_extractor: nullptr
2021/12/17-18:27:27.651595 20744ee00   Options.memtable_insert_with_hint_prefix_extractor: nullptr
2021/12/17-18:27:27.651596 20744ee00             Options.num_levels: 7
2021/12/17-18:27:27.651597 20744ee00        Options.min_write_buffer_number_to_merge: 1
2021/12/17-18:27:27.651598 20744ee00     Options.max_write_buffer_number_to_maintain: 0
2021/12/17-18:27:27.651598 20744ee00     Options.max_write_buffer_size_to_maintain: 0
2021/12/17-18:27:27.651599 20744ee00            Options.bottommost_compression_opts.window_bits: -14
2021/12/17-18:27:27.651600 20744ee00                  Options.bottommost_compression_opts.level: 32767
2021/12/17-18:27:27.651601 20744ee00               Options.bottommost_compression_opts.strategy: 0
2021/12/17-18:27:27.651601 20744ee00         Options.bottommost_compression_opts.max_dict_bytes: 0
2021/12/17-18:27:27.651602 20744ee00         Options.bottommost_compression_opts.zstd_max_train_bytes: 0
2021/12/17-18:27:27.651603 20744ee00         Options.bottommost_compression_opts.parallel_threads: 1
2021/12/17-18:27:27.651604 20744ee00                  Options.bottommost_compression_opts.enabled: false
2021/12/17-18:27:27.651604 20744ee00            Options.compression_opts.window_bits: -14
2021/12/17-18:27:27.651605 20744ee00                  Options.compression_opts.level: 32767
2021/12/17-18:27:27.651606 20744ee00               Options.compression_opts.strategy: 0
2021/12/17-18:27:27.651607 20744ee00         Options.compression_opts.max_dict_bytes: 0
2021/12/17-18:27:27.651607 20744ee00         Options.compression_opts.zstd_max_train_bytes: 0
2021/12/17-18:27:27.651608 20744ee00         Options.compression_opts.parallel_threads: 1
2021/12/17-18:27:27.651609 20744ee00                  Options.compression_opts.enabled: false
2021/12/17-18:27:27.651609 20744ee00      Options.level0_file_num_compaction_trigger: 4
2021/12/17-18:27:27.651617 20744ee00          Options.level0_slowdown_writes_trigger: 20
2021/12/17-18:27:27.651618 20744ee00              Options.level0_stop_writes_trigger: 36
2021/12/17-18:27:27.651618 20744ee00                   Options.target_file_size_base: 67108864
2021/12/17-18:27:27.651619 20744ee00             Options.target_file_size_multiplier: 1
2021/12/17-18:27:27.651620 20744ee00                Options.max_bytes_for_level_base: 268435456
2021/12/17-18:27:27.651621 20744ee00 Options.level_compaction_dynamic_level_bytes: 0
2021/12/17-18:27:27.651621 20744ee00          Options.max_bytes_for_level_multiplier: 10.000000
2021/12/17-18:27:27.651622 20744ee00 Options.max_bytes_for_level_multiplier_addtl[0]: 1
2021/12/17-18:27:27.651623 20744ee00 Options.max_bytes_for_level_multiplier_addtl[1]: 1
2021/12/17-18:27:27.651624 20744ee00 Options.max_bytes_for_level_multiplier_addtl[2]: 1
2021/12/17-18:27:27.651625 20744ee00 Options.max_bytes_for_level_multiplier_addtl[3]: 1
2021/12/17-18:27:27.651625 20744ee00 Options.max_bytes_for_level_multiplier_addtl[4]: 1
2021/12/17-18:27:27.651626 20744ee00 Options.max_bytes_for_level_multiplier_addtl[5]: 1
2021/12/17-18:27:27.651627 20744ee00 Options.max_bytes_for_level_multiplier_addtl[6]: 1
2021/12/17-18:27:27.651627 20744ee00       Options.max_sequential_skip_in_iterations: 8
2021/12/17-18:27:27.651628 20744ee00                    Options.max_compaction_bytes: 1677721600
2021/12/17-18:27:27.651629 20744ee00                        Options.arena_block_size: 8388608
2021/12/17-18:27:27.651630 20744ee00   Options.soft_pending_compaction_bytes_limit: 68719476736
2021/12/17-18:27:27.651630 20744ee00   Options.hard_pending_compaction_bytes_limit: 274877906944
2021/12/17-18:27:27.651631 20744ee00       Options.rate_limit_delay_max_milliseconds: 100
2021/12/17-18:27:27.651632 20744ee00                Options.disable_auto_compactions: 1
2021/12/17-18:27:27.651633 20744ee00                        Options.compaction_style: kCompactionStyleLevel
2021/12/17-18:27:27.651633 20744ee00                          Options.compaction_pri: kMinOverlappingRatio
2021/12/17-18:27:27.651634 20744ee00 Options.compaction_options_universal.size_ratio: 1
2021/12/17-18:27:27.651635 20744ee00 Options.compaction_options_universal.min_merge_width: 2
2021/12/17-18:27:27.651636 20744ee00 Options.compaction_options_universal.max_merge_width: 4294967295
2021/12/17-18:27:27.651636 20744ee00 Options.compaction_options_universal.max_size_amplification_percent: 200
2021/12/17-18:27:27.651637 20744ee00 Options.compaction_options_universal.compression_size_percent: -1
2021/12/17-18:27:27.651638 20744ee00 Options.compaction_options_universal.stop_style: kCompactionStopStyleTotalSize
2021/12/17-18:27:27.651639 20744ee00 Options.compaction_options_fifo.max_table_files_size: 1073741824
2021/12/17-18:27:27.651640 20744ee00 Options.compaction_options_fifo.allow_compaction: 0
2021/12/17-18:27:27.651640 20744ee00                   Options.table_properties_collectors: 
2021/12/17-18:27:27.651641 20744ee00                   Options.inplace_update_support: 0
2021/12/17-18:27:27.651642 20744ee00                 Options.inplace_update_num_locks: 10000
2021/12/17-18:27:27.651643 20744ee00               Options.memtable_prefix_bloom_size_ratio: 0.000000
2021/12/17-18:27:27.651643 20744ee00               Options.memtable_whole_key_filtering: 0
2021/12/17-18:27:27.651644 20744ee00   Options.memtable_huge_page_size: 0
2021/12/17-18:27:27.651645 20744ee00                           Options.bloom_locality: 0
2021/12/17-18:27:27.651646 20744ee00                    Options.max_successive_merges: 0
2021/12/17-18:27:27.651646 20744ee00                Options.optimize_filters_for_hits: 0
2021/12/17-18:27:27.651647 20744ee00                Options.paranoid_file_checks: 0
2021/12/17-18:27:27.651648 20744ee00                Options.force_consistency_checks: 0
2021/12/17-18:27:27.651648 20744ee00                Options.report_bg_io_stats: 0
2021/12/17-18:27:27.651649 20744ee00                               Options.ttl: 2592000
2021/12/17-18:27:27.651650 20744ee00          Options.periodic_compaction_seconds: 2592000
2021/12/17-18:27:27.651676 20744ee00 [db/db_impl/db_impl.cc:2563] Created column family [FZ] (ID 2)
2021/12/17-18:27:27.652643 20744ee00 [db/column_family.cc:580] --------------- Options for column family [NZ]:
2021/12/17-18:27:27.652644 20744ee00               Options.comparator: leveldb.BytewiseComparator
2021/12/17-18:27:27.652645 20744ee00           Options.merge_operator: None
2021/12/17-18:27:27.652646 20744ee00        Options.compaction_filter: filter_outdated
2021/12/17-18:27:27.652647 20744ee00        Options.compaction_filter_factory: None
2021/12/17-18:27:27.652648 20744ee00  Options.sst_partitioner_factory: None
2021/12/17-18:27:27.652649 20744ee00         Options.memtable_factory: SkipListFactory
2021/12/17-18:27:27.652649 20744ee00            Options.table_factory: BlockBasedTable
2021/12/17-18:27:27.652662 20744ee00            table_factory options:   flush_block_policy_factory: FlushBlockBySizePolicyFactory (0x7feab7c4b920)
  cache_index_and_filter_blocks: 0
  cache_index_and_filter_blocks_with_high_priority: 1
  pin_l0_filter_and_index_blocks_in_cache: 0
  pin_top_level_index_and_filter: 1
  index_type: 0
  data_block_index_type: 0
  index_shortening: 1
  data_block_hash_table_util_ratio: 0.750000
  hash_index_allow_collision: 1
  checksum: 1
  no_block_cache: 0
  block_cache: 0x7feab7c4b968
  block_cache_name: LRUCache
  block_cache_options:
    capacity : 8388608
    num_shard_bits : 4
    strict_capacity_limit : 0
    memory_allocator : None
    high_pri_pool_ratio: 0.000
  block_cache_compressed: 0x0
  persistent_cache: 0x0
  block_size: 4096
  block_size_deviation: 10
  block_restart_interval: 16
  index_block_restart_interval: 1
  metadata_block_size: 4096
  partition_filters: 0
  use_delta_encoding: 1
  filter_policy: nullptr
  whole_key_filtering: 1
  verify_compression: 0
  read_amp_bytes_per_bit: 0
  format_version: 4
  enable_index_compression: 1
  block_align: 0
2021/12/17-18:27:27.652663 20744ee00        Options.write_buffer_size: 67108864
2021/12/17-18:27:27.652664 20744ee00  Options.max_write_buffer_number: 2
2021/12/17-18:27:27.652665 20744ee00          Options.compression: NoCompression
2021/12/17-18:27:27.652665 20744ee00                  Options.bottommost_compression: Disabled
2021/12/17-18:27:27.652666 20744ee00       Options.prefix_extractor: nullptr
2021/12/17-18:27:27.652667 20744ee00   Options.memtable_insert_with_hint_prefix_extractor: nullptr
2021/12/17-18:27:27.652668 20744ee00             Options.num_levels: 7
2021/12/17-18:27:27.652668 20744ee00        Options.min_write_buffer_number_to_merge: 1
2021/12/17-18:27:27.652669 20744ee00     Options.max_write_buffer_number_to_maintain: 0
2021/12/17-18:27:27.652670 20744ee00     Options.max_write_buffer_size_to_maintain: 0
2021/12/17-18:27:27.652671 20744ee00            Options.bottommost_compression_opts.window_bits: -14
2021/12/17-18:27:27.652671 20744ee00                  Options.bottommost_compression_opts.level: 32767
2021/12/17-18:27:27.652672 20744ee00               Options.bottommost_compression_opts.strategy: 0
2021/12/17-18:27:27.652673 20744ee00         Options.bottommost_compression_opts.max_dict_bytes: 0
2021/12/17-18:27:27.652674 20744ee00         Options.bottommost_compression_opts.zstd_max_train_bytes: 0
2021/12/17-18:27:27.652674 20744ee00         Options.bottommost_compression_opts.parallel_threads: 1
2021/12/17-18:27:27.652675 20744ee00                  Options.bottommost_compression_opts.enabled: false
2021/12/17-18:27:27.652676 20744ee00            Options.compression_opts.window_bits: -14
2021/12/17-18:27:27.652677 20744ee00                  Options.compression_opts.level: 32767
2021/12/17-18:27:27.652677 20744ee00               Options.compression_opts.strategy: 0
2021/12/17-18:27:27.652678 20744ee00         Options.compression_opts.max_dict_bytes: 0
2021/12/17-18:27:27.652679 20744ee00         Options.compression_opts.zstd_max_train_bytes: 0
2021/12/17-18:27:27.652680 20744ee00         Options.compression_opts.parallel_threads: 1
2021/12/17-18:27:27.652680 20744ee00                  Options.compression_opts.enabled: false
2021/12/17-18:27:27.652681 20744ee00      Options.level0_file_num_compaction_trigger: 4
2021/12/17-18:27:27.652688 20744ee00          Options.level0_slowdown_writes_trigger: 20
2021/12/17-18:27:27.652689 20744ee00              Options.level0_stop_writes_trigger: 36
2021/12/17-18:27:27.652690 20744ee00                   Options.target_file_size_base: 67108864
2021/12/17-18:27:27.652691 20744ee00             Options.target_file_size_multiplier: 1
2021/12/17-18:27:27.652691 20744ee00                Options.max_bytes_for_level_base: 268435456
2021/12/17-18:27:27.652692 20744ee00 Options.level_compaction_dynamic_level_bytes: 0
2021/12/17-18:27:27.652693 20744ee00          Options.max_bytes_for_level_multiplier: 10.000000
2021/12/17-18:27:27.652694 20744ee00 Options.max_bytes_for_level_multiplier_addtl[0]: 1
2021/12/17-18:27:27.652695 20744ee00 Options.max_bytes_for_level_multiplier_addtl[1]: 1
2021/12/17-18:27:27.652695 20744ee00 Options.max_bytes_for_level_multiplier_addtl[2]: 1
2021/12/17-18:27:27.652696 20744ee00 Options.max_bytes_for_level_multiplier_addtl[3]: 1
2021/12/17-18:27:27.652697 20744ee00 Options.max_bytes_for_level_multiplier_addtl[4]: 1
2021/12/17-18:27:27.652698 20744ee00 Options.max_bytes_for_level_multiplier_addtl[5]: 1
2021/12/17-18:27:27.652698 20744ee00 Options.max_bytes_for_level_multiplier_addtl[6]: 1
2021/12/17-18:27:27.652699 20744ee00       Options.max_sequential_skip_in_iterations: 8
2021/12/17-18:27:27.652700 20744ee00                    Options.max_compaction_bytes: 1677721600
2021/12/17-18:27:27.652701 20744ee00                        Options.arena_block_size: 8388608
2021/12/17-18:27:27.652701 20744ee00   Options.soft_pending_compaction_bytes_limit: 68719476736
