2021/12/17-18:27:27.678394 20744ee00 RocksDB version: 6.12.7
2021/12/17-18:27:27.678410 20744ee00 Git sha rocksdb_build_git_sha:@0@
2021/12/17-18:27:27.678411 20744ee00 Compile date Feb 16 2021
2021/12/17-18:27:27.678418 20744ee00 DB SUMMARY
2021/12/17-18:27:27.678419 20744ee00 DB Session ID:  352YWW9HM71GPCOMULDR
2021/12/17-18:27:27.678436 20744ee00 SST files in /Users/quanrong/rust-workplace/cycle_mail/.dfx/state/replicated_state/node-100/ic_consensus_pool/certification dir, Total Num: 0, files: 
2021/12/17-18:27:27.678437 20744ee00 Write Ahead Log file in /Users/quanrong/rust-workplace/cycle_mail/.dfx/state/replicated_state/node-100/ic_consensus_pool/certification: 
2021/12/17-18:27:27.678438 20744ee00                         Options.error_if_exists: 0
2021/12/17-18:27:27.678439 20744ee00                       Options.create_if_missing: 1
2021/12/17-18:27:27.678439 20744ee00                         Options.paranoid_checks: 1
2021/12/17-18:27:27.678440 20744ee00                                     Options.env: 0x10661ed88
2021/12/17-18:27:27.678441 20744ee00                                      Options.fs: Posix File System
2021/12/17-18:27:27.678442 20744ee00                                Options.info_log: 0x7feab7c62f40
2021/12/17-18:27:27.678442 20744ee00                Options.max_file_opening_threads: 16
2021/12/17-18:27:27.678443 20744ee00                              Options.statistics: 0x0
2021/12/17-18:27:27.678444 20744ee00                               Options.use_fsync: 1
2021/12/17-18:27:27.678444 20744ee00                       Options.max_log_file_size: 0
2021/12/17-18:27:27.678445 20744ee00                  Options.max_manifest_file_size: 1073741824
2021/12/17-18:27:27.678446 20744ee00                   Options.log_file_time_to_roll: 0
2021/12/17-18:27:27.678447 20744ee00                       Options.keep_log_file_num: 1000
2021/12/17-18:27:27.678447 20744ee00                    Options.recycle_log_file_num: 0
2021/12/17-18:27:27.678448 20744ee00                         Options.allow_fallocate: 1
2021/12/17-18:27:27.678449 20744ee00                        Options.allow_mmap_reads: 0
2021/12/17-18:27:27.678449 20744ee00                       Options.allow_mmap_writes: 0
2021/12/17-18:27:27.678450 20744ee00                        Options.use_direct_reads: 0
2021/12/17-18:27:27.678451 20744ee00                        Options.use_direct_io_for_flush_and_compaction: 0
2021/12/17-18:27:27.678451 20744ee00          Options.create_missing_column_families: 1
2021/12/17-18:27:27.678452 20744ee00                              Options.db_log_dir: 
2021/12/17-18:27:27.678453 20744ee00                                 Options.wal_dir: /Users/quanrong/rust-workplace/cycle_mail/.dfx/state/replicated_state/node-100/ic_consensus_pool/certification
2021/12/17-18:27:27.678453 20744ee00                Options.table_cache_numshardbits: 6
2021/12/17-18:27:27.678454 20744ee00                         Options.WAL_ttl_seconds: 0
2021/12/17-18:27:27.678455 20744ee00                       Options.WAL_size_limit_MB: 0
2021/12/17-18:27:27.678455 20744ee00                        Options.max_write_batch_group_size_bytes: 1048576
2021/12/17-18:27:27.678456 20744ee00             Options.manifest_preallocation_size: 4194304
2021/12/17-18:27:27.678457 20744ee00                     Options.is_fd_close_on_exec: 1
2021/12/17-18:27:27.678458 20744ee00                   Options.advise_random_on_open: 1
2021/12/17-18:27:27.678458 20744ee00                    Options.db_write_buffer_size: 0
2021/12/17-18:27:27.678459 20744ee00                    Options.write_buffer_manager: 0x7feab7c62140
2021/12/17-18:27:27.678460 20744ee00         Options.access_hint_on_compaction_start: 1
2021/12/17-18:27:27.678460 20744ee00  Options.new_table_reader_for_compaction_inputs: 0
2021/12/17-18:27:27.678461 20744ee00           Options.random_access_max_buffer_size: 1048576
2021/12/17-18:27:27.678462 20744ee00                      Options.use_adaptive_mutex: 0
2021/12/17-18:27:27.678462 20744ee00                            Options.rate_limiter: 0x0
2021/12/17-18:27:27.678463 20744ee00     Options.sst_file_manager.rate_bytes_per_sec: 0
2021/12/17-18:27:27.678472 20744ee00                       Options.wal_recovery_mode: 2
2021/12/17-18:27:27.678473 20744ee00                  Options.enable_thread_tracking: 0
2021/12/17-18:27:27.678474 20744ee00                  Options.enable_pipelined_write: 0
2021/12/17-18:27:27.678475 20744ee00                  Options.unordered_write: 0
2021/12/17-18:27:27.678475 20744ee00         Options.allow_concurrent_memtable_write: 1
2021/12/17-18:27:27.678476 20744ee00      Options.enable_write_thread_adaptive_yield: 1
2021/12/17-18:27:27.678477 20744ee00             Options.write_thread_max_yield_usec: 100
2021/12/17-18:27:27.678477 20744ee00            Options.write_thread_slow_yield_usec: 3
2021/12/17-18:27:27.678478 20744ee00                               Options.row_cache: None
2021/12/17-18:27:27.678479 20744ee00                              Options.wal_filter: None
2021/12/17-18:27:27.678479 20744ee00             Options.avoid_flush_during_recovery: 0
2021/12/17-18:27:27.678480 20744ee00             Options.allow_ingest_behind: 0
2021/12/17-18:27:27.678481 20744ee00             Options.preserve_deletes: 0
2021/12/17-18:27:27.678481 20744ee00             Options.two_write_queues: 0
2021/12/17-18:27:27.678482 20744ee00             Options.manual_wal_flush: 0
2021/12/17-18:27:27.678483 20744ee00             Options.atomic_flush: 0
2021/12/17-18:27:27.678483 20744ee00             Options.avoid_unnecessary_blocking_io: 0
2021/12/17-18:27:27.678484 20744ee00                 Options.persist_stats_to_disk: 0
2021/12/17-18:27:27.678485 20744ee00                 Options.write_dbid_to_manifest: 0
2021/12/17-18:27:27.678485 20744ee00                 Options.log_readahead_size: 0
2021/12/17-18:27:27.678486 20744ee00                 Options.file_checksum_gen_factory: Unknown
2021/12/17-18:27:27.678487 20744ee00                 Options.best_efforts_recovery: 0
2021/12/17-18:27:27.678488 20744ee00                Options.max_bgerror_resume_count: 2147483647
2021/12/17-18:27:27.678489 20744ee00            Options.bgerror_resume_retry_interval: 1000000
2021/12/17-18:27:27.678489 20744ee00             Options.max_background_jobs: 2
2021/12/17-18:27:27.678490 20744ee00             Options.max_background_compactions: -1
2021/12/17-18:27:27.678491 20744ee00             Options.max_subcompactions: 1
2021/12/17-18:27:27.678491 20744ee00             Options.avoid_flush_during_shutdown: 0
2021/12/17-18:27:27.678492 20744ee00           Options.writable_file_max_buffer_size: 1048576
2021/12/17-18:27:27.678493 20744ee00             Options.delayed_write_rate : 16777216
2021/12/17-18:27:27.678493 20744ee00             Options.max_total_wal_size: 0
2021/12/17-18:27:27.678494 20744ee00             Options.delete_obsolete_files_period_micros: 21600000000
2021/12/17-18:27:27.678495 20744ee00                   Options.stats_dump_period_sec: 600
2021/12/17-18:27:27.678496 20744ee00                 Options.stats_persist_period_sec: 600
2021/12/17-18:27:27.678496 20744ee00                 Options.stats_history_buffer_size: 1048576
2021/12/17-18:27:27.678497 20744ee00                          Options.max_open_files: -1
2021/12/17-18:27:27.678498 20744ee00                          Options.bytes_per_sync: 0
2021/12/17-18:27:27.678498 20744ee00                      Options.wal_bytes_per_sync: 0
2021/12/17-18:27:27.678499 20744ee00                   Options.strict_bytes_per_sync: 0
2021/12/17-18:27:27.678500 20744ee00       Options.compaction_readahead_size: 0
2021/12/17-18:27:27.678500 20744ee00                  Options.max_background_flushes: -1
2021/12/17-18:27:27.678501 20744ee00 Compression algorithms supported:
2021/12/17-18:27:27.678502 20744ee00 	kZSTD supported: 1
2021/12/17-18:27:27.678503 20744ee00 	kZlibCompression supported: 1
2021/12/17-18:27:27.678504 20744ee00 	kXpressCompression supported: 0
2021/12/17-18:27:27.678504 20744ee00 	kSnappyCompression supported: 1
2021/12/17-18:27:27.678505 20744ee00 	kZSTDNotFinalCompression supported: 1
2021/12/17-18:27:27.678506 20744ee00 	kLZ4HCCompression supported: 1
2021/12/17-18:27:27.678506 20744ee00 	kLZ4Compression supported: 1
2021/12/17-18:27:27.678514 20744ee00 	kBZip2Compression supported: 1
2021/12/17-18:27:27.678515 20744ee00 Fast CRC32 supported: Supported on x86
2021/12/17-18:27:27.678708 20744ee00 [db/db_impl/db_impl_open.cc:271] Creating manifest 1 
2021/12/17-18:27:27.678911 20744ee00 [db/version_set.cc:4560] Recovering from manifest file: /Users/quanrong/rust-workplace/cycle_mail/.dfx/state/replicated_state/node-100/ic_consensus_pool/certification/MANIFEST-000001
2021/12/17-18:27:27.678926 20744ee00 [db/column_family.cc:580] --------------- Options for column family [default]:
2021/12/17-18:27:27.678927 20744ee00               Options.comparator: leveldb.BytewiseComparator
2021/12/17-18:27:27.678928 20744ee00           Options.merge_operator: None
2021/12/17-18:27:27.678929 20744ee00        Options.compaction_filter: None
2021/12/17-18:27:27.678930 20744ee00        Options.compaction_filter_factory: None
2021/12/17-18:27:27.678931 20744ee00  Options.sst_partitioner_factory: None
2021/12/17-18:27:27.678931 20744ee00         Options.memtable_factory: SkipListFactory
2021/12/17-18:27:27.678932 20744ee00            Options.table_factory: BlockBasedTable
2021/12/17-18:27:27.678942 20744ee00            table_factory options:   flush_block_policy_factory: FlushBlockBySizePolicyFactory (0x7feab7c62370)
  cache_index_and_filter_blocks: 0
  cache_index_and_filter_blocks_with_high_priority: 1
  pin_l0_filter_and_index_blocks_in_cache: 0
  pin_top_level_index_and_filter: 1
  index_type: 0
  data_block_index_type: 0
  index_shortening: 1
  data_block_hash_table_util_ratio: 0.750000
  hash_index_allow_collision: 1
  checksum: 1
  no_block_cache: 0
  block_cache: 0x7feab7c623b8
  block_cache_name: LRUCache
  block_cache_options:
    capacity : 8388608
    num_shard_bits : 4
    strict_capacity_limit : 0
    memory_allocator : None
    high_pri_pool_ratio: 0.000
  block_cache_compressed: 0x0
  persistent_cache: 0x0
  block_size: 4096
  block_size_deviation: 10
  block_restart_interval: 16
  index_block_restart_interval: 1
  metadata_block_size: 4096
  partition_filters: 0
  use_delta_encoding: 1
  filter_policy: nullptr
  whole_key_filtering: 1
  verify_compression: 0
  read_amp_bytes_per_bit: 0
  format_version: 4
  enable_index_compression: 1
  block_align: 0
2021/12/17-18:27:27.678943 20744ee00        Options.write_buffer_size: 67108864
2021/12/17-18:27:27.678944 20744ee00  Options.max_write_buffer_number: 2
2021/12/17-18:27:27.678944 20744ee00          Options.compression: Snappy
2021/12/17-18:27:27.678945 20744ee00                  Options.bottommost_compression: Disabled
2021/12/17-18:27:27.678946 20744ee00       Options.prefix_extractor: nullptr
2021/12/17-18:27:27.678947 20744ee00   Options.memtable_insert_with_hint_prefix_extractor: nullptr
2021/12/17-18:27:27.678947 20744ee00             Options.num_levels: 7
2021/12/17-18:27:27.678948 20744ee00        Options.min_write_buffer_number_to_merge: 1
2021/12/17-18:27:27.678949 20744ee00     Options.max_write_buffer_number_to_maintain: 0
2021/12/17-18:27:27.678949 20744ee00     Options.max_write_buffer_size_to_maintain: 0
2021/12/17-18:27:27.678950 20744ee00            Options.bottommost_compression_opts.window_bits: -14
2021/12/17-18:27:27.678951 20744ee00                  Options.bottommost_compression_opts.level: 32767
2021/12/17-18:27:27.678952 20744ee00               Options.bottommost_compression_opts.strategy: 0
2021/12/17-18:27:27.678952 20744ee00         Options.bottommost_compression_opts.max_dict_bytes: 0
2021/12/17-18:27:27.678953 20744ee00         Options.bottommost_compression_opts.zstd_max_train_bytes: 0
2021/12/17-18:27:27.678954 20744ee00         Options.bottommost_compression_opts.parallel_threads: 1
2021/12/17-18:27:27.678955 20744ee00                  Options.bottommost_compression_opts.enabled: false
2021/12/17-18:27:27.678955 20744ee00            Options.compression_opts.window_bits: -14
2021/12/17-18:27:27.678956 20744ee00                  Options.compression_opts.level: 32767
2021/12/17-18:27:27.678957 20744ee00               Options.compression_opts.strategy: 0
2021/12/17-18:27:27.678965 20744ee00         Options.compression_opts.max_dict_bytes: 0
2021/12/17-18:27:27.678966 20744ee00         Options.compression_opts.zstd_max_train_bytes: 0
2021/12/17-18:27:27.678966 20744ee00         Options.compression_opts.parallel_threads: 1
2021/12/17-18:27:27.678967 20744ee00                  Options.compression_opts.enabled: false
2021/12/17-18:27:27.678968 20744ee00      Options.level0_file_num_compaction_trigger: 4
2021/12/17-18:27:27.678968 20744ee00          Options.level0_slowdown_writes_trigger: 20
2021/12/17-18:27:27.678969 20744ee00              Options.level0_stop_writes_trigger: 36
2021/12/17-18:27:27.678970 20744ee00                   Options.target_file_size_base: 67108864
2021/12/17-18:27:27.678971 20744ee00             Options.target_file_size_multiplier: 1
2021/12/17-18:27:27.678971 20744ee00                Options.max_bytes_for_level_base: 268435456
2021/12/17-18:27:27.678972 20744ee00 Options.level_compaction_dynamic_level_bytes: 0
2021/12/17-18:27:27.678973 20744ee00          Options.max_bytes_for_level_multiplier: 10.000000
2021/12/17-18:27:27.678974 20744ee00 Options.max_bytes_for_level_multiplier_addtl[0]: 1
2021/12/17-18:27:27.678974 20744ee00 Options.max_bytes_for_level_multiplier_addtl[1]: 1
2021/12/17-18:27:27.678975 20744ee00 Options.max_bytes_for_level_multiplier_addtl[2]: 1
2021/12/17-18:27:27.678976 20744ee00 Options.max_bytes_for_level_multiplier_addtl[3]: 1
2021/12/17-18:27:27.678977 20744ee00 Options.max_bytes_for_level_multiplier_addtl[4]: 1
2021/12/17-18:27:27.678977 20744ee00 Options.max_bytes_for_level_multiplier_addtl[5]: 1
2021/12/17-18:27:27.678978 20744ee00 Options.max_bytes_for_level_multiplier_addtl[6]: 1
2021/12/17-18:27:27.678979 20744ee00       Options.max_sequential_skip_in_iterations: 8
2021/12/17-18:27:27.678979 20744ee00                    Options.max_compaction_bytes: 1677721600
2021/12/17-18:27:27.678980 20744ee00                        Options.arena_block_size: 8388608
2021/12/17-18:27:27.678981 20744ee00   Options.soft_pending_compaction_bytes_limit: 68719476736
2021/12/17-18:27:27.678982 20744ee00   Options.hard_pending_compaction_bytes_limit: 274877906944
2021/12/17-18:27:27.678982 20744ee00       Options.rate_limit_delay_max_milliseconds: 100
2021/12/17-18:27:27.678983 20744ee00                Options.disable_auto_compactions: 0
2021/12/17-18:27:27.678984 20744ee00                        Options.compaction_style: kCompactionStyleLevel
2021/12/17-18:27:27.678985 20744ee00                          Options.compaction_pri: kMinOverlappingRatio
2021/12/17-18:27:27.678986 20744ee00 Options.compaction_options_universal.size_ratio: 1
2021/12/17-18:27:27.678986 20744ee00 Options.compaction_options_universal.min_merge_width: 2
2021/12/17-18:27:27.678987 20744ee00 Options.compaction_options_universal.max_merge_width: 4294967295
2021/12/17-18:27:27.678988 20744ee00 Options.compaction_options_universal.max_size_amplification_percent: 200
2021/12/17-18:27:27.678988 20744ee00 Options.compaction_options_universal.compression_size_percent: -1
2021/12/17-18:27:27.678989 20744ee00 Options.compaction_options_universal.stop_style: kCompactionStopStyleTotalSize
2021/12/17-18:27:27.678990 20744ee00 Options.compaction_options_fifo.max_table_files_size: 1073741824
2021/12/17-18:27:27.678991 20744ee00 Options.compaction_options_fifo.allow_compaction: 0
2021/12/17-18:27:27.678992 20744ee00                   Options.table_properties_collectors: 
2021/12/17-18:27:27.678992 20744ee00                   Options.inplace_update_support: 0
2021/12/17-18:27:27.678993 20744ee00                 Options.inplace_update_num_locks: 10000
2021/12/17-18:27:27.678994 20744ee00               Options.memtable_prefix_bloom_size_ratio: 0.000000
2021/12/17-18:27:27.678995 20744ee00               Options.memtable_whole_key_filtering: 0
2021/12/17-18:27:27.678995 20744ee00   Options.memtable_huge_page_size: 0
2021/12/17-18:27:27.678996 20744ee00                           Options.bloom_locality: 0
2021/12/17-18:27:27.678997 20744ee00                    Options.max_successive_merges: 0
2021/12/17-18:27:27.679007 20744ee00                Options.optimize_filters_for_hits: 0
2021/12/17-18:27:27.679008 20744ee00                Options.paranoid_file_checks: 0
2021/12/17-18:27:27.679008 20744ee00                Options.force_consistency_checks: 0
2021/12/17-18:27:27.679009 20744ee00                Options.report_bg_io_stats: 0
2021/12/17-18:27:27.679010 20744ee00                               Options.ttl: 2592000
2021/12/17-18:27:27.679011 20744ee00          Options.periodic_compaction_seconds: 0
2021/12/17-18:27:27.679937 20744ee00 [db/version_set.cc:4718] Recovered from manifest file:/Users/quanrong/rust-workplace/cycle_mail/.dfx/state/replicated_state/node-100/ic_consensus_pool/certification/MANIFEST-000001 succeeded,manifest_file_number is 1, next_file_number is 3, last_sequence is 0, log_number is 0,prev_log_number is 0,max_column_family is 0,min_log_number_to_keep is 0
2021/12/17-18:27:27.679940 20744ee00 [db/version_set.cc:4727] Column family [default] (ID 0), log number is 0
2021/12/17-18:27:27.680020 20744ee00 [db/version_set.cc:3950] Creating manifest 4
2021/12/17-18:27:27.680230 20744ee00 [db/column_family.cc:580] --------------- Options for column family [CE]:
2021/12/17-18:27:27.680231 20744ee00               Options.comparator: leveldb.BytewiseComparator
2021/12/17-18:27:27.680232 20744ee00           Options.merge_operator: None
2021/12/17-18:27:27.680233 20744ee00        Options.compaction_filter: filter_outdated
2021/12/17-18:27:27.680233 20744ee00        Options.compaction_filter_factory: None
2021/12/17-18:27:27.680234 20744ee00  Options.sst_partitioner_factory: None
2021/12/17-18:27:27.680235 20744ee00         Options.memtable_factory: SkipListFactory
2021/12/17-18:27:27.680236 20744ee00            Options.table_factory: BlockBasedTable
2021/12/17-18:27:27.680245 20744ee00            table_factory options:   flush_block_policy_factory: FlushBlockBySizePolicyFactory (0x7feab7c477a0)
  cache_index_and_filter_blocks: 0
  cache_index_and_filter_blocks_with_high_priority: 1
  pin_l0_filter_and_index_blocks_in_cache: 0
  pin_top_level_index_and_filter: 1
  index_type: 0
  data_block_index_type: 0
  index_shortening: 1
  data_block_hash_table_util_ratio: 0.750000
  hash_index_allow_collision: 1
  checksum: 1
  no_block_cache: 0
  block_cache: 0x7feab7c60be8
  block_cache_name: LRUCache
  block_cache_options:
    capacity : 8388608
    num_shard_bits : 4
    strict_capacity_limit : 0
    memory_allocator : None
    high_pri_pool_ratio: 0.000
  block_cache_compressed: 0x0
  persistent_cache: 0x0
  block_size: 4096
  block_size_deviation: 10
  block_restart_interval: 16
  index_block_restart_interval: 1
  metadata_block_size: 4096
  partition_filters: 0
  use_delta_encoding: 1
  filter_policy: nullptr
  whole_key_filtering: 1
  verify_compression: 0
  read_amp_bytes_per_bit: 0
  format_version: 4
  enable_index_compression: 1
  block_align: 0
2021/12/17-18:27:27.680246 20744ee00        Options.write_buffer_size: 67108864
2021/12/17-18:27:27.680247 20744ee00  Options.max_write_buffer_number: 2
2021/12/17-18:27:27.680248 20744ee00          Options.compression: NoCompression
2021/12/17-18:27:27.680249 20744ee00                  Options.bottommost_compression: Disabled
2021/12/17-18:27:27.680249 20744ee00       Options.prefix_extractor: nullptr
2021/12/17-18:27:27.680250 20744ee00   Options.memtable_insert_with_hint_prefix_extractor: nullptr
2021/12/17-18:27:27.680251 20744ee00             Options.num_levels: 7
2021/12/17-18:27:27.680252 20744ee00        Options.min_write_buffer_number_to_merge: 1
2021/12/17-18:27:27.680252 20744ee00     Options.max_write_buffer_number_to_maintain: 0
2021/12/17-18:27:27.680253 20744ee00     Options.max_write_buffer_size_to_maintain: 0
2021/12/17-18:27:27.680254 20744ee00            Options.bottommost_compression_opts.window_bits: -14
2021/12/17-18:27:27.680255 20744ee00                  Options.bottommost_compression_opts.level: 32767
2021/12/17-18:27:27.680255 20744ee00               Options.bottommost_compression_opts.strategy: 0
2021/12/17-18:27:27.680256 20744ee00         Options.bottommost_compression_opts.max_dict_bytes: 0
2021/12/17-18:27:27.680257 20744ee00         Options.bottommost_compression_opts.zstd_max_train_bytes: 0
2021/12/17-18:27:27.680258 20744ee00         Options.bottommost_compression_opts.parallel_threads: 1
2021/12/17-18:27:27.680258 20744ee00                  Options.bottommost_compression_opts.enabled: false
2021/12/17-18:27:27.680259 20744ee00            Options.compression_opts.window_bits: -14
2021/12/17-18:27:27.680260 20744ee00                  Options.compression_opts.level: 32767
2021/12/17-18:27:27.680261 20744ee00               Options.compression_opts.strategy: 0
2021/12/17-18:27:27.680261 20744ee00         Options.compression_opts.max_dict_bytes: 0
2021/12/17-18:27:27.680262 20744ee00         Options.compression_opts.zstd_max_train_bytes: 0
2021/12/17-18:27:27.680263 20744ee00         Options.compression_opts.parallel_threads: 1
2021/12/17-18:27:27.680263 20744ee00                  Options.compression_opts.enabled: false
2021/12/17-18:27:27.680264 20744ee00      Options.level0_file_num_compaction_trigger: 4
2021/12/17-18:27:27.680271 20744ee00          Options.level0_slowdown_writes_trigger: 20
2021/12/17-18:27:27.680272 20744ee00              Options.level0_stop_writes_trigger: 36
2021/12/17-18:27:27.680273 20744ee00                   Options.target_file_size_base: 67108864
2021/12/17-18:27:27.680274 20744ee00             Options.target_file_size_multiplier: 1
2021/12/17-18:27:27.680274 20744ee00                Options.max_bytes_for_level_base: 268435456
2021/12/17-18:27:27.680275 20744ee00 Options.level_compaction_dynamic_level_bytes: 0
2021/12/17-18:27:27.680276 20744ee00          Options.max_bytes_for_level_multiplier: 10.000000
2021/12/17-18:27:27.680277 20744ee00 Options.max_bytes_for_level_multiplier_addtl[0]: 1
2021/12/17-18:27:27.680278 20744ee00 Options.max_bytes_for_level_multiplier_addtl[1]: 1
2021/12/17-18:27:27.680278 20744ee00 Options.max_bytes_for_level_multiplier_addtl[2]: 1
2021/12/17-18:27:27.680279 20744ee00 Options.max_bytes_for_level_multiplier_addtl[3]: 1
2021/12/17-18:27:27.680280 20744ee00 Options.max_bytes_for_level_multiplier_addtl[4]: 1
2021/12/17-18:27:27.680281 20744ee00 Options.max_bytes_for_level_multiplier_addtl[5]: 1
2021/12/17-18:27:27.680281 20744ee00 Options.max_bytes_for_level_multiplier_addtl[6]: 1
2021/12/17-18:27:27.680282 20744ee00       Options.max_sequential_skip_in_iterations: 8
2021/12/17-18:27:27.680283 20744ee00                    Options.max_compaction_bytes: 1677721600
2021/12/17-18:27:27.680283 20744ee00                        Options.arena_block_size: 8388608
2021/12/17-18:27:27.680284 20744ee00   Options.soft_pending_compaction_bytes_limit: 68719476736
2021/12/17-18:27:27.680285 20744ee00   Options.hard_pending_compaction_bytes_limit: 274877906944
2021/12/17-18:27:27.680286 20744ee00       Options.rate_limit_delay_max_milliseconds: 100
2021/12/17-18:27:27.680287 20744ee00                Options.disable_auto_compactions: 1
2021/12/17-18:27:27.680287 20744ee00                        Options.compaction_style: kCompactionStyleLevel
2021/12/17-18:27:27.680288 20744ee00                          Options.compaction_pri: kMinOverlappingRatio
2021/12/17-18:27:27.680289 20744ee00 Options.compaction_options_universal.size_ratio: 1
2021/12/17-18:27:27.680290 20744ee00 Options.compaction_options_universal.min_merge_width: 2
2021/12/17-18:27:27.680290 20744ee00 Options.compaction_options_universal.max_merge_width: 4294967295
2021/12/17-18:27:27.680291 20744ee00 Options.compaction_options_universal.max_size_amplification_percent: 200
2021/12/17-18:27:27.680292 20744ee00 Options.compaction_options_universal.compression_size_percent: -1
2021/12/17-18:27:27.680293 20744ee00 Options.compaction_options_universal.stop_style: kCompactionStopStyleTotalSize
2021/12/17-18:27:27.680294 20744ee00 Options.compaction_options_fifo.max_table_files_size: 1073741824
2021/12/17-18:27:27.680295 20744ee00 Options.compaction_options_fifo.allow_compaction: 0
2021/12/17-18:27:27.680295 20744ee00                   Options.table_properties_collectors: 
2021/12/17-18:27:27.680296 20744ee00                   Options.inplace_update_support: 0
2021/12/17-18:27:27.680297 20744ee00                 Options.inplace_update_num_locks: 10000
2021/12/17-18:27:27.680298 20744ee00               Options.memtable_prefix_bloom_size_ratio: 0.000000
2021/12/17-18:27:27.680298 20744ee00               Options.memtable_whole_key_filtering: 0
2021/12/17-18:27:27.680299 20744ee00   Options.memtable_huge_page_size: 0
2021/12/17-18:27:27.680300 20744ee00                           Options.bloom_locality: 0
2021/12/17-18:27:27.680301 20744ee00                    Options.max_successive_merges: 0
2021/12/17-18:27:27.680301 20744ee00                Options.optimize_filters_for_hits: 0
2021/12/17-18:27:27.680302 20744ee00                Options.paranoid_file_checks: 0
2021/12/17-18:27:27.680303 20744ee00                Options.force_consistency_checks: 0
2021/12/17-18:27:27.680303 20744ee00                Options.report_bg_io_stats: 0
2021/12/17-18:27:27.680304 20744ee00                               Options.ttl: 2592000
2021/12/17-18:27:27.680305 20744ee00          Options.periodic_compaction_seconds: 2592000
2021/12/17-18:27:27.680327 20744ee00 [db/db_impl/db_impl.cc:2563] Created column family [CE] (ID 1)
2021/12/17-18:27:27.681090 20744ee00 [db/column_family.cc:580] --------------- Options for column family [CES]:
2021/12/17-18:27:27.681092 20744ee00               Options.comparator: leveldb.BytewiseComparator
2021/12/17-18:27:27.681093 20744ee00           Options.merge_operator: None
2021/12/17-18:27:27.681094 20744ee00        Options.compaction_filter: filter_outdated
2021/12/17-18:27:27.681095 20744ee00        Options.compaction_filter_factory: None
2021/12/17-18:27:27.681095 20744ee00  Options.sst_partitioner_factory: None
2021/12/17-18:27:27.681096 20744ee00         Options.memtable_factory: SkipListFactory
2021/12/17-18:27:27.681097 20744ee00            Options.table_factory: BlockBasedTable
2021/12/17-18:27:27.681108 20744ee00            table_factory options:   flush_block_policy_factory: FlushBlockBySizePolicyFactory (0x7feab7c61720)
  cache_index_and_filter_blocks: 0
  cache_index_and_filter_blocks_with_high_priority: 1
  pin_l0_filter_and_index_blocks_in_cache: 0
  pin_top_level_index_and_filter: 1
  index_type: 0
  data_block_index_type: 0
  index_shortening: 1
  data_block_hash_table_util_ratio: 0.750000
  hash_index_allow_collision: 1
  checksum: 1
  no_block_cache: 0
  block_cache: 0x7feab7c61768
  block_cache_name: LRUCache
  block_cache_options:
    capacity : 8388608
    num_shard_bits : 4
    strict_capacity_limit : 0
    memory_allocator : None
    high_pri_pool_ratio: 0.000
  block_cache_compressed: 0x0
  persistent_cache: 0x0
  block_size: 4096
  block_size_deviation: 10
  block_restart_interval: 16
  index_block_restart_interval: 1
  metadata_block_size: 4096
  partition_filters: 0
  use_delta_encoding: 1
  filter_policy: nullptr
  whole_key_filtering: 1
  verify_compression: 0
  read_amp_bytes_per_bit: 0
  format_version: 4
  enable_index_compression: 1
  block_align: 0
2021/12/17-18:27:27.681109 20744ee00        Options.write_buffer_size: 67108864
2021/12/17-18:27:27.681110 20744ee00  Options.max_write_buffer_number: 2
2021/12/17-18:27:27.681111 20744ee00          Options.compression: NoCompression
2021/12/17-18:27:27.681111 20744ee00                  Options.bottommost_compression: Disabled
2021/12/17-18:27:27.681112 20744ee00       Options.prefix_extractor: nullptr
2021/12/17-18:27:27.681113 20744ee00   Options.memtable_insert_with_hint_prefix_extractor: nullptr
2021/12/17-18:27:27.681114 20744ee00             Options.num_levels: 7
2021/12/17-18:27:27.681115 20744ee00        Options.min_write_buffer_number_to_merge: 1
2021/12/17-18:27:27.681115 20744ee00     Options.max_write_buffer_number_to_maintain: 0
2021/12/17-18:27:27.681116 20744ee00     Options.max_write_buffer_size_to_maintain: 0
2021/12/17-18:27:27.681117 20744ee00            Options.bottommost_compression_opts.window_bits: -14
2021/12/17-18:27:27.681118 20744ee00                  Options.bottommost_compression_opts.level: 32767
2021/12/17-18:27:27.681118 20744ee00               Options.bottommost_compression_opts.strategy: 0
2021/12/17-18:27:27.681119 20744ee00         Options.bottommost_compression_opts.max_dict_bytes: 0
2021/12/17-18:27:27.681120 20744ee00         Options.bottommost_compression_opts.zstd_max_train_bytes: 0
2021/12/17-18:27:27.681121 20744ee00         Options.bottommost_compression_opts.parallel_threads: 1
2021/12/17-18:27:27.681121 20744ee00                  Options.bottommost_compression_opts.enabled: false
2021/12/17-18:27:27.681122 20744ee00            Options.compression_opts.window_bits: -14
2021/12/17-18:27:27.681123 20744ee00                  Options.compression_opts.level: 32767
2021/12/17-18:27:27.681123 20744ee00               Options.compression_opts.strategy: 0
2021/12/17-18:27:27.681124 20744ee00         Options.compression_opts.max_dict_bytes: 0
2021/12/17-18:27:27.681125 20744ee00         Options.compression_opts.zstd_max_train_bytes: 0
2021/12/17-18:27:27.681126 20744ee00         Options.compression_opts.parallel_threads: 1
2021/12/17-18:27:27.681126 20744ee00                  Options.compression_opts.enabled: false
2021/12/17-18:27:27.681127 20744ee00      Options.level0_file_num_compaction_trigger: 4
2021/12/17-18:27:27.681134 20744ee00          Options.level0_slowdown_writes_trigger: 20
2021/12/17-18:27:27.681135 20744ee00              Options.level0_stop_writes_trigger: 36
2021/12/17-18:27:27.681135 20744ee00                   Options.target_file_size_base: 67108864
2021/12/17-18:27:27.681136 20744ee00             Options.target_file_size_multiplier: 1
2021/12/17-18:27:27.681137 20744ee00                Options.max_bytes_for_level_base: 268435456
2021/12/17-18:27:27.681138 20744ee00 Options.level_compaction_dynamic_level_bytes: 0
2021/12/17-18:27:27.681138 20744ee00          Options.max_bytes_for_level_multiplier: 10.000000
2021/12/17-18:27:27.681139 20744ee00 Options.max_bytes_for_level_multiplier_addtl[0]: 1
2021/12/17-18:27:27.681140 20744ee00 Options.max_bytes_for_level_multiplier_addtl[1]: 1
2021/12/17-18:27:27.681141 20744ee00 Options.max_bytes_for_level_multiplier_addtl[2]: 1
2021/12/17-18:27:27.681142 20744ee00 Options.max_bytes_for_level_multiplier_addtl[3]: 1
2021/12/17-18:27:27.681143 20744ee00 Options.max_bytes_for_level_multiplier_addtl[4]: 1
2021/12/17-18:27:27.681143 20744ee00 Options.max_bytes_for_level_multiplier_addtl[5]: 1
2021/12/17-18:27:27.681144 20744ee00 Options.max_bytes_for_level_multiplier_addtl[6]: 1
2021/12/17-18:27:27.681145 20744ee00       Options.max_sequential_skip_in_iterations: 8
2021/12/17-18:27:27.681145 20744ee00                    Options.max_compaction_bytes: 1677721600
2021/12/17-18:27:27.681146 20744ee00                        Options.arena_block_size: 8388608
2021/12/17-18:27:27.681147 20744ee00   Options.soft_pending_compaction_bytes_limit: 68719476736
2021/12/17-18:27:27.681148 20744ee00   Options.hard_pending_compaction_bytes_limit: 274877906944
2021/12/17-18:27:27.681149 20744ee00       Options.rate_limit_delay_max_milliseconds: 100
2021/12/17-18:27:27.681149 20744ee00                Options.disable_auto_compactions: 1
2021/12/17-18:27:27.681150 20744ee00                        Options.compaction_style: kCompactionStyleLevel
2021/12/17-18:27:27.681151 20744ee00                          Options.compaction_pri: kMinOverlappingRatio
2021/12/17-18:27:27.681152 20744ee00 Options.compaction_options_universal.size_ratio: 1
2021/12/17-18:27:27.681152 20744ee00 Options.compaction_options_universal.min_merge_width: 2
2021/12/17-18:27:27.681153 20744ee00 Options.compaction_options_universal.max_merge_width: 4294967295
2021/12/17-18:27:27.681154 20744ee00 Options.compaction_options_universal.max_size_amplification_percent: 200
2021/12/17-18:27:27.681155 20744ee00 Options.compaction_options_universal.compression_size_percent: -1
2021/12/17-18:27:27.681156 20744ee00 Options.compaction_options_universal.stop_style: kCompactionStopStyleTotalSize
2021/12/17-18:27:27.681156 20744ee00 Options.compaction_options_fifo.max_table_files_size: 1073741824
2021/12/17-18:27:27.681157 20744ee00 Options.compaction_options_fifo.allow_compaction: 0
2021/12/17-18:27:27.681158 20744ee00                   Options.table_properties_collectors: 
2021/12/17-18:27:27.681159 20744ee00                   Options.inplace_update_support: 0
2021/12/17-18:27:27.681159 20744ee00                 Options.inplace_update_num_locks: 10000
2021/12/17-18:27:27.681160 20744ee00               Options.memtable_prefix_bloom_size_ratio: 0.000000
2021/12/17-18:27:27.681161 20744ee00               Options.memtable_whole_key_filtering: 0
2021/12/17-18:27:27.681162 20744ee00   Options.memtable_huge_page_size: 0
2021/12/17-18:27:27.681162 20744ee00                           Options.bloom_locality: 0
2021/12/17-18:27:27.681163 20744ee00                    Options.max_successive_merges: 0
2021/12/17-18:27:27.681164 20744ee00                Options.optimize_filters_for_hits: 0
2021/12/17-18:27:27.681165 20744ee00                Options.paranoid_file_checks: 0
2021/12/17-18:27:27.681165 20744ee00                Options.force_consistency_checks: 0
2021/12/17-18:27:27.681166 20744ee00                Options.report_bg_io_stats: 0
2021/12/17-18:27:27.681167 20744ee00                               Options.ttl: 2592000
2021/12/17-18:27:27.681168 20744ee00          Options.periodic_compaction_seconds: 2592000
2021/12/17-18:27:27.681191 20744ee00 [db/db_impl/db_impl.cc:2563] Created column family [CES] (ID 2)
2021/12/17-18:27:27.683114 20744ee00 [db/db_impl/db_impl_open.cc:1639] SstFileManager instance 0x7feab7c634e0
2021/12/17-18:27:27.683137 20744ee00 DB pointer 0x7feab8097400
2021/12/17-18:27:28.685852 315c7e000 [db/db_impl/db_impl.cc:899] ------- DUMPING STATS -------
2021/12/17-18:27:28.685861 315c7e000 [db/db_impl/db_impl.cc:900] 
** DB Stats **
Uptime(secs): 1.0 total, 1.0 interval
Cumulative writes: 2 writes, 2 keys, 2 commit groups, 0.7 writes per commit group, ingest: 0.00 GB, 0.00 MB/s
Cumulative WAL: 2 writes, 0 syncs, 2.00 writes per sync, written: 0.00 GB, 0.00 MB/s
Cumulative stall: 00:00:0.000 H:M:S, 0.0 percent
Interval writes: 2 writes, 2 keys, 2 commit groups, 0.7 writes per commit group, ingest: 0.00 MB, 0.00 MB/s
Interval WAL: 2 writes, 0 syncs, 2.00 writes per sync, written: 0.00 MB, 0.00 MB/s
Interval stall: 00:00:0.000 H:M:S, 0.0 percent

** Compaction Stats [default] **
Level    Files   Size     Score Read(GB)  Rn(GB) Rnp1(GB) Write(GB) Wnew(GB) Moved(GB) W-Amp Rd(MB/s) Wr(MB/s) Comp(sec) CompMergeCPU(sec) Comp(cnt) Avg(sec) KeyIn KeyDrop
----------------------------------------------------------------------------------------------------------------------------------------------------------------------------
 Sum      0/0    0.00 KB   0.0      0.0     0.0      0.0       0.0      0.0       0.0   0.0      0.0      0.0      0.00              0.00         0    0.000       0      0
 Int      0/0    0.00 KB   0.0      0.0     0.0      0.0       0.0      0.0       0.0   0.0      0.0      0.0      0.00              0.00         0    0.000       0      0

** Compaction Stats [default] **
Priority    Files   Size     Score Read(GB)  Rn(GB) Rnp1(GB) Write(GB) Wnew(GB) Moved(GB) W-Amp Rd(MB/s) Wr(MB/s) Comp(sec) CompMergeCPU(sec) Comp(cnt) Avg(sec) KeyIn KeyDrop
-------------------------------------------------------------------------------------------------------------------------------------------------------------------------------
Uptime(secs): 1.0 total, 1.0 interval
Flush(GB): cumulative 0.000, interval 0.000
AddFile(GB): cumulative 0.000, interval 0.000
AddFile(Total Files): cumulative 0, interval 0
AddFile(L0 Files): cumulative 0, interval 0
AddFile(Keys): cumulative 0, interval 0
Cumulative compaction: 0.00 GB write, 0.00 MB/s write, 0.00 GB read, 0.00 MB/s read, 0.0 seconds
Interval compaction: 0.00 GB write, 0.00 MB/s write, 0.00 GB read, 0.00 MB/s read, 0.0 seconds
Stalls(count): 0 level0_slowdown, 0 level0_slowdown_with_compaction, 0 level0_numfiles, 0 level0_numfiles_with_compaction, 0 stop for pending_compaction_bytes, 0 slowdown for pending_compaction_bytes, 0 memtable_compaction, 0 memtable_slowdown, interval 0 total count

** File Read Latency Histogram By Level [default] **

** Compaction Stats [CE] **
Level    Files   Size     Score Read(GB)  Rn(GB) Rnp1(GB) Write(GB) Wnew(GB) Moved(GB) W-Amp Rd(MB/s) Wr(MB/s) Comp(sec) CompMergeCPU(sec) Comp(cnt) Avg(sec) KeyIn KeyDrop
----------------------------------------------------------------------------------------------------------------------------------------------------------------------------
 Sum      0/0    0.00 KB   0.0      0.0     0.0      0.0       0.0      0.0       0.0   0.0      0.0      0.0      0.00              0.00         0    0.000       0      0
 Int      0/0    0.00 KB   0.0      0.0     0.0      0.0       0.0      0.0       0.0   0.0      0.0      0.0      0.00              0.00         0    0.000       0      0

** Compaction Stats [CE] **
Priority    Files   Size     Score Read(GB)  Rn(GB) Rnp1(GB) Write(GB) Wnew(GB) Moved(GB) W-Amp Rd(MB/s) Wr(MB/s) Comp(sec) CompMergeCPU(sec) Comp(cnt) Avg(sec) KeyIn KeyDrop
-------------------------------------------------------------------------------------------------------------------------------------------------------------------------------
Uptime(secs): 1.0 total, 1.0 interval
Flush(GB): cumulative 0.000, interval 0.000
AddFile(GB): cumulative 0.000, interval 0.000
AddFile(Total Files): cumulative 0, interval 0
AddFile(L0 Files): cumulative 0, interval 0
AddFile(Keys): cumulative 0, interval 0
Cumulative compaction: 0.00 GB write, 0.00 MB/s write, 0.00 GB read, 0.00 MB/s read, 0.0 seconds
Interval compaction: 0.00 GB write, 0.00 MB/s write, 0.00 GB read, 0.00 MB/s read, 0.0 seconds
Stalls(count): 0 level0_slowdown, 0 level0_slowdown_with_compaction, 0 level0_numfiles, 0 level0_numfiles_with_compaction, 0 stop for pending_compaction_bytes, 0 slowdown for pending_compaction_bytes, 0 memtable_compaction, 0 memtable_slowdown, interval 0 total count

** File Read Latency Histogram By Level [CE] **

** Compaction Stats [CES] **
Level    Files   Size     Score Read(GB)  Rn(GB) Rnp1(GB) Write(GB) Wnew(GB) Moved(GB) W-Amp Rd(MB/s) Wr(MB/s) Comp(sec) CompMergeCPU(sec) Comp(cnt) Avg(sec) KeyIn KeyDrop
----------------------------------------------------------------------------------------------------------------------------------------------------------------------------
 Sum      0/0    0.00 KB   0.0      0.0     0.0      0.0       0.0      0.0       0.0   0.0      0.0      0.0      0.00              0.00         0    0.000       0      0
 Int      0/0    0.00 KB   0.0      0.0     0.0      0.0       0.0      0.0       0.0   0.0      0.0      0.0      0.00              0.00         0    0.000       0      0

** Compaction Stats [CES] **
Priority    Files   Size     Score Read(GB)  Rn(GB) Rnp1(GB) Write(GB) Wnew(GB) Moved(GB) W-Amp Rd(MB/s) Wr(MB/s) Comp(sec) CompMergeCPU(sec) Comp(cnt) Avg(sec) KeyIn KeyDrop
